9.000000000000000000e+01
8.982283141369529744e+01
8.959107512670358631e+01
8.931347944304252451e+01
8.899879266672984102e+01
8.865576310178320796e+01
8.829313905222029746e+01
8.791966882205881006e+01
8.754410071531647475e+01
8.717518303601090679e+01
8.682166408815983516e+01
8.649229217578096041e+01
8.619581560289194044e+01
8.594098267351047582e+01
8.573654169165429551e+01
8.559124096134101478e+01
8.550389311616096677e+01
8.546365197551560300e+01
8.546477762213926610e+01
8.550153013876634134e+01
8.556816960813124240e+01
8.565895611296831191e+01
8.576814973601193515e+01
8.589001055999649736e+01
8.601879866765638383e+01
8.614877414172597980e+01
8.627419706493964213e+01
8.638932752003179871e+01
8.648842558973676375e+01
8.656575135678895094e+01
8.661556490392275975e+01
8.770478953210866280e+01
8.877317946633371548e+01
8.978925290741101151e+01
9.072152805615375826e+01
9.153852311337502101e+01
9.220875627988803558e+01
9.270074575650588145e+01
9.263002374291772867e+01
9.256053202377962918e+01
9.249256719290544027e+01
9.242642584410890549e+01
9.236240457120381109e+01
9.230079996800400011e+01
9.224190862832321613e+01
9.218602714597525960e+01
9.213345211477397356e+01
9.208448012853307318e+01
9.203940778106637310e+01
9.199853166618771638e+01
9.196214837771084660e+01
9.193055450944956419e+01
9.190404665521765537e+01
9.188292140882894898e+01
9.186747536409721704e+01
9.185800511483620312e+01
9.185480725485979292e+01
9.185817837798168739e+01
9.186847693867646569e+01
9.188564986047374816e+01
9.190937644076990409e+01
9.193933597696135962e+01
9.197520776644451246e+01
9.201667110661577453e+01
9.206340529487155777e+01
9.211508962860827410e+01
9.217140340522232123e+01
9.223202592211011108e+01
9.229663647666804138e+01
9.236491436629253826e+01
9.243653888837998522e+01
9.251118934032680841e+01
9.258854501952940552e+01
9.266828522338420271e+01
9.275008924928758347e+01
9.283363639463597394e+01
9.291860595682575763e+01
9.300467723325336067e+01
9.328426868193581356e+01
9.366243110537514838e+01
9.412200799741275148e+01
9.464584285188999502e+01
9.521677916264822272e+01
9.581766042352883517e+01
9.643133012837320450e+01
9.704063177102266025e+01
9.762840884531860297e+01
9.817750484510243325e+01
9.867076326421549481e+01
9.909102759649910297e+01
9.942114133579474355e+01
9.964394797594370345e+01
9.974229101078736903e+01
9.970662385202118116e+01
9.954973494360891095e+01
9.928797032779436904e+01
9.893767604682136607e+01
9.851519814293376953e+01
9.803688265837541849e+01
9.751907563539010937e+01
9.697812311622170967e+01
9.686531437011528567e+01
9.673127859787091154e+01
9.657793739936485622e+01
9.640721237447344549e+01
9.622102512307304778e+01
9.602129724503991781e+01
9.580995034025038137e+01
9.558890600858077846e+01
9.536008584990742065e+01
9.512541146410663373e+01
9.488680445105471506e+01
9.464618641062800464e+01
9.440547894270278562e+01
9.416660364715539799e+01
9.393148212386216755e+01
9.368692229516624081e+01
9.342130513431122552e+01
9.313891181752410375e+01
9.284402352103188605e+01
9.254092142106155450e+01
9.223388669384010541e+01
9.192720051559450667e+01
9.162514406255179722e+01
9.133199851093891652e+01
9.105204503698288931e+01
9.078956481691068348e+01
9.054883902694929532e+01
9.033414884332573536e+01
9.014977544226695727e+01
9.000000000000000000e+01
