9.000000000000000000e+01
9.006278099790131364e+01
9.017290866337759780e+01
9.031973156914688161e+01
9.049259828792717997e+01
9.068085739243652199e+01
9.087385745539297943e+01
9.106094704951456720e+01
9.123147474751927177e+01
9.137478912212519333e+01
9.148023874605033257e+01
9.153717219201271860e+01
9.153493803273040896e+01
9.146288484092140436e+01
9.131036118930373391e+01
9.106671565059546936e+01
9.070663128477660564e+01
9.022419762301227308e+01
8.963787294479814705e+01
8.896611552962993130e+01
8.822738365700327279e+01
8.744013560641387528e+01
8.662282965735739992e+01
8.579392408932955050e+01
8.497187718182598815e+01
8.417514721434240244e+01
8.342219246637446872e+01
8.273147121741789078e+01
8.212144174696830135e+01
8.161056233452143260e+01
8.121729125957293149e+01
8.085274105704529291e+01
8.067182580905335954e+01
8.068655085046329134e+01
8.087631480124088057e+01
8.121773713085691782e+01
8.168743730878219367e+01
8.226203480448744187e+01
8.291814908744346724e+01
8.363239962712104614e+01
8.438140589299094074e+01
8.514178735452391322e+01
8.589016348119076838e+01
8.660315374246223996e+01
8.725737760780914698e+01
8.782945454670219476e+01
8.829600402861223074e+01
8.863364552301000288e+01
8.871010634660390792e+01
8.878849187947128030e+01
8.886806153403303199e+01
8.894807472271001814e+01
8.902779085792309388e+01
8.910646935209315700e+01
8.918336961764109105e+01
8.925775106698773698e+01
8.932887311255400675e+01
8.939599516676076973e+01
8.945837664202888107e+01
8.951527695077922431e+01
8.956595550543268303e+01
8.960967171841012657e+01
8.964568500213243851e+01
8.967325476902047399e+01
8.969164043149511656e+01
8.970086845961689903e+01
8.970186607436630766e+01
8.969524381454411355e+01
8.968161221895120150e+01
8.966158182638828578e+01
8.963576317565620855e+01
8.960476680555578355e+01
8.956920325488781032e+01
8.952968306245310259e+01
8.948681676705243149e+01
8.944121490748666758e+01
8.939348802255655357e+01
8.934424665106293162e+01
8.929410133180658704e+01
8.924366260358833358e+01
8.919354100520898498e+01
8.914434707546932657e+01
8.909669135317018629e+01
8.905118437711236368e+01
8.900843668609665826e+01
8.896905881892389800e+01
8.893366131439483979e+01
8.890285471131034001e+01
8.887724954847116976e+01
8.885745636467815700e+01
8.890901411884483707e+01
8.896766407686001799e+01
8.903303074311962462e+01
8.910473862201963868e+01
8.918241221795598506e+01
8.926567603532460282e+01
8.935415457852141685e+01
8.944747235194242307e+01
8.954525385998353215e+01
8.964712360704068317e+01
8.975270609750982942e+01
8.982630402641025569e+01
8.992582873472159122e+01
9.004676956043078917e+01
9.018461584152481691e+01
9.033485691599062761e+01
9.049298212181518863e+01
9.065448079698546735e+01
9.081484227948840271e+01
9.096955590731099051e+01
9.111411101844019811e+01
9.124399695086293605e+01
9.135470304256621432e+01
9.144171863153701452e+01
9.150053305576223295e+01
9.152663565322887962e+01
9.151753222180008152e+01
9.147659623082154212e+01
9.140811852550410777e+01
9.131638995105858214e+01
9.120570135269579737e+01
9.108034357562659977e+01
9.094460746506177884e+01
9.080278386621215247e+01
9.065916362428856701e+01
9.051803758450185455e+01
9.038369659206280460e+01
9.026043149218229189e+01
9.015253313007109170e+01
9.006429235094006458e+01
9.000000000000000000e+01
