90
92
95
99
104
108
112
114
116
117
117
117
117
116
116
116
118
118
119
120
122
124
126
129
131
134
136
138
140
142
143
144
144
143
142
141
139
136
134
131
128
125
122
119
117
115
116
118
120
122
125
128
131
133
136
138
140
142
143
143
143
141
139
136
133
129
125
120
115
111
106
102
98
95
92
90
90
90
91
92
94
95
96
97
99
100
101
101
102
102
102
102
102
102
102
103
103
104
104
104
105
105
106
107
108
109
111
112
114
115
117
118
119
120
120
121
120
119
118
116
114
112
109
107
104
101
98
96
94
92
90
89
