90
90
90
90
90
91
91
91
92
92
93
93
94
94
95
96
96
97
98
100
101
102
103
105
106
107
108
110
110
111
112
113
115
116
117
117
117
117
116
114
113
111
109
107
104
102
102
102
102
103
103
103
103
104
104
104
105
105
105
106
106
106
107
107
108
108
109
109
110
110
111
111
112
112
112
113
112
112
111
110
109
108
107
106
106
105
104
104
103
103
104
105
106
108
110
112
114
116
118
119
120
121
122
123
124
126
127
128
129
130
131
131
131
130
129
127
125
123
120
117
113
110
107
104
101
98
96
94
92
91
90
90
