9.000000000000000000e+01
8.977992722811650594e+01
8.950261004791180142e+01
8.917329176438968830e+01
8.879721568255395425e+01
8.837962510740838695e+01
8.792576334395675985e+01
8.744087369720287484e+01
8.693019947215049115e+01
8.639898397380345330e+01
8.585247050716549211e+01
8.529590237724040946e+01
8.473452288903200724e+01
8.417357534754405890e+01
8.361830305778036632e+01
8.307394932474470295e+01
8.254575745344084226e+01
8.203897074887258611e+01
8.155883251604375062e+01
8.111058605995805237e+01
8.069947468561935011e+01
8.033074169803140308e+01
8.000963040219799893e+01
7.974138410312292535e+01
7.953124610580994158e+01
7.938445971526287792e+01
7.930626823648550783e+01
7.930191497448159055e+01
7.937664323425495638e+01
7.953794402862644120e+01
7.978572537468568271e+01
8.011385608383962165e+01
8.051620496749525557e+01
8.098664083705948258e+01
8.151903250393932865e+01
8.210724877954164924e+01
8.274515847527347034e+01
8.342663040254171847e+01
8.414553337275336276e+01
8.489573619731534393e+01
8.567110768763460271e+01
8.646551665511812246e+01
8.727283191117285810e+01
8.808692226720572194e+01
8.890165653462369733e+01
8.971090352483373920e+01
9.050853204924280249e+01
9.128841091925781370e+01
9.204440894628577041e+01
9.277039494173358491e+01
9.346023771700822635e+01
9.410780608351664966e+01
9.470696885266580978e+01
9.525159483586267584e+01
9.573555284451414593e+01
9.615271169002723184e+01
9.649694018380887428e+01
9.640377265665307505e+01
9.620127910106761249e+01
9.589702932256805923e+01
9.549859312666986000e+01
9.501354031888857321e+01
9.444944070473968623e+01
9.381386408973870061e+01
9.311438027940114637e+01
9.235855907924248243e+01
9.155397029477828141e+01
9.070818373152400227e+01
8.982876919499517498e+01
8.892329649070728692e+01
8.854156991390392761e+01
8.806997958462065412e+01
8.751644496848057031e+01
8.688888553110682267e+01
8.619522073812247243e+01
8.544337005515066608e+01
8.464125294781452169e+01
8.379678888173710050e+01
8.291789732254159162e+01
8.201249773585104208e+01
8.108850958728859837e+01
8.015385234247736435e+01
7.921644546704044387e+01
7.828420842660095502e+01
7.736506068678203007e+01
7.741713896468411349e+01
7.746863399669645389e+01
7.752006614393633299e+01
7.757195576752094723e+01
7.762482322856750727e+01
7.767918888819322376e+01
7.773557310751532157e+01
7.779449624765099713e+01
7.785647866971748954e+01
7.792204073483199522e+01
7.799170280411173906e+01
7.806598523867394590e+01
7.814540839963584062e+01
7.823049264811457704e+01
7.832175834522743685e+01
7.841972585209161650e+01
7.852491552982432665e+01
7.863784773954276375e+01
7.875904284236419528e+01
7.888902119940577506e+01
7.902830317178477060e+01
7.917740912061837832e+01
7.933685940702378048e+01
7.950717439211824455e+01
7.968887443701895279e+01
7.988247990284313005e+01
8.008851115070801541e+01
8.030748854173079110e+01
8.054752919472637984e+01
8.081490527125664869e+01
8.110736969655911821e+01
8.142267539587142267e+01
8.175857529443106841e+01
8.211282231747567550e+01
8.248316939024280714e+01
8.286736943797005495e+01
8.326317538589495371e+01
8.366834015925509505e+01
8.408061668328807059e+01
8.449775788323145775e+01
8.491751668432280553e+01
8.533764601179970555e+01
8.575589879089970680e+01
8.617002794686040090e+01
8.657778640491937949e+01
8.697692709031419156e+01
