9.000000000000000000e+01
9.045115347899053404e+01
9.098184450458008143e+01
9.158603748123837818e+01
9.225769681343506079e+01
9.299078690563979421e+01
9.377927216232221497e+01
9.461711698795203063e+01
9.549828578699887771e+01
9.641674296393244958e+01
9.736645292322234013e+01
9.834138006933827114e+01
9.933548880674992176e+01
1.003427435399269285e+02
1.013571086733389279e+02
1.023725486114556276e+02
1.033830277587466639e+02
1.043825105196817020e+02
1.053649612987304209e+02
1.063243445003624998e+02
1.072546245290475468e+02
1.081497657892552695e+02
1.090037326854553044e+02
1.098104896221173448e+02
1.105640010037110272e+02
1.112582312347060451e+02
1.118871447195720208e+02
1.124447058627786618e+02
1.129248790687955903e+02
1.133387753254460932e+02
1.137033109007899014e+02
1.140211581196513606e+02
1.142949893068548874e+02
1.145274767872248560e+02
1.147212928855856404e+02
1.148791099267615863e+02
1.150036002355771103e+02
1.150974361368565724e+02
1.151632899554243465e+02
1.152038340161048211e+02
1.152217406437223843e+02
1.152196821631013819e+02
1.152003308990662163e+02
1.151663591764412473e+02
1.151204393200508633e+02
1.150652436547194810e+02
1.150034445052713892e+02
1.149377141965310472e+02
1.148707250533227864e+02
1.148051494004709951e+02
1.147436595628000475e+02
1.146889278651343460e+02
1.146436266322982362e+02
1.146104281891160923e+02
1.145920048604123451e+02
1.145910289710113119e+02
1.146101728457373952e+02
1.141083014455400786e+02
1.136252482749453350e+02
1.131669724150270468e+02
1.127394329468590684e+02
1.123485889515152820e+02
1.120003995100695704e+02
1.117008237035957592e+02
1.114558206131677593e+02
1.112713493198594108e+02
1.104659663694358329e+02
1.096776625224906354e+02
1.089129776930835618e+02
1.081784517952744267e+02
1.074806247431229878e+02
1.068260364506890312e+02
1.062212268320323574e+02
1.056727358012127382e+02
1.051871032722899173e+02
1.047708691593237234e+02
1.045718614889635916e+02
1.043416724245970499e+02
1.040824778047003036e+02
1.037964534677495294e+02
1.034857752522209893e+02
1.031526189965908600e+02
1.027991605393354178e+02
1.024275757189307825e+02
1.020400403738532731e+02
1.016387303425790520e+02
1.012258214635843387e+02
1.008034895753453668e+02
1.003739105163383272e+02
9.993926012503943923e+01
9.950171423992496500e+01
9.906344869947105281e+01
9.862663934215396466e+01
9.819346200644991995e+01
9.776609253083509543e+01
9.734670675378575311e+01
9.693748051377808395e+01
9.654058964928830733e+01
9.615820999879262843e+01
9.579251740076729504e+01
9.544568769368848393e+01
9.511989671603244290e+01
9.481732030627536290e+01
9.454013430289349174e+01
9.428070550331615607e+01
9.402984532945697538e+01
9.378739655651858698e+01
9.355320195970362818e+01
9.332710431421470787e+01
9.310894639525444916e+01
9.289857097802548935e+01
9.269582083773049419e+01
9.250053874957200151e+01
9.231256748875270546e+01
9.213174983047521494e+01
9.195792854994216725e+01
9.179094642235615709e+01
9.163064622291985017e+01
9.147687072683586962e+01
9.132946270930681010e+01
9.118826494553533735e+01
9.105312021072406026e+01
9.092387128007558772e+01
9.080036092879257126e+01
9.068243193207764818e+01
9.056992706513344160e+01
9.046268910316253198e+01
9.036056082136761347e+01
9.026338499495126655e+01
9.017100439911612852e+01
9.008326180906483671e+01
