9.000000000000000000e+01
9.006142452062945836e+01
9.014044529809986273e+01
9.023539710716570994e+01
9.034461472258142578e+01
9.046643291910149287e+01
9.059918647148036541e+01
9.074121015447251182e+01
9.089083874283237208e+01
9.104640701131441460e+01
9.120624973467307939e+01
9.136870168766284905e+01
9.153209764503820622e+01
9.169477238155356247e+01
9.185506067196340041e+01
9.201129729102218846e+01
9.216181701348436661e+01
9.230495461410440328e+01
9.243904486763673845e+01
9.256242254883588316e+01
9.267342243245623479e+01
9.277037929325230436e+01
9.285162790597850346e+01
9.291550304538934313e+01
9.296033948623923493e+01
9.298447200328266149e+01
9.298623537127410543e+01
9.296396436496797833e+01
9.291599375911877701e+01
9.283909970716105420e+01
9.273259180306439475e+01
9.259860498238585080e+01
9.243927418068248869e+01
9.225673433351131791e+01
9.205312037642941903e+01
9.183056724499375889e+01
9.159120987476146070e+01
9.133718320128951973e+01
9.107062216013494549e+01
9.079366168685484695e+01
9.050843671700623361e+01
9.021708218614611496e+01
8.992173302983157157e+01
8.962452418361965556e+01
8.932759058306734801e+01
8.903306716373175789e+01
8.874308886116985207e+01
8.845979061093873952e+01
8.818530734859541553e+01
8.792177400969694645e+01
8.767132552980035598e+01
8.743609684446268204e+01
8.721822288924096256e+01
8.701983859969224966e+01
8.684307891137358126e+01
8.669007875984200950e+01
8.656297308065454388e+01
8.643653494255254088e+01
8.629875799120827651e+01
8.615292553483406834e+01
8.600232088164224820e+01
8.585022733984516208e+01
8.569992821765509916e+01
8.555470682328441967e+01
8.541784646494542699e+01
8.529263045085042450e+01
8.518234208921180084e+01
8.509026468824181677e+01
8.501968155615283251e+01
8.497387600115715145e+01
8.495613133146710538e+01
8.496973085529505454e+01
8.501795788085327388e+01
8.510409571635409520e+01
8.523142767000986453e+01
8.540323705003291366e+01
8.576443660500054023e+01
8.620437589359134734e+01
8.671634551824749337e+01
8.729363608141105146e+01
8.792953818552410894e+01
8.861734243302878156e+01
8.935033942636717086e+01
9.012181976798137839e+01
9.092507406031350570e+01
9.175339290580564011e+01
9.260006690689989739e+01
9.345838666603836487e+01
9.432164278566317250e+01
9.518312586821637922e+01
9.603612651614011497e+01
9.687393533187648131e+01
9.768984291786756557e+01
9.847713987655548351e+01
9.922911681038230824e+01
9.993906432179018395e+01
1.006002730132211695e+02
1.012060334871173808e+02
1.017496363459209192e+02
1.022243721920739006e+02
1.026235316280183980e+02
1.029404052561965273e+02
1.031682836790504041e+02
1.033004574990221016e+02
1.033352806931082881e+02
1.032796343004269772e+02
1.031395995166023027e+02
1.029212575372584126e+02
1.026306895580194407e+02
1.022739767745095065e+02
1.018572003823527865e+02
1.013864415771734002e+02
1.008677815545954815e+02
1.003073015102431782e+02
9.971108263974062424e+01
9.908520613871196758e+01
9.843575320278132779e+01
9.776880502757286706e+01
9.709044280871073340e+01
9.640674774181901796e+01
9.572380102252189715e+01
9.504768384644350476e+01
9.438447740920796036e+01
9.374026290643942616e+01
9.312112153376205015e+01
9.253313448679993769e+01
9.198238296117725099e+01
9.147494815251813804e+01
9.101691125644671843e+01
9.061435346858712592e+01
9.027335598456349430e+01
