90
90
90
90
90
91
91
91
92
92
93
93
94
94
95
96
96
97
98
99
101
102
103
105
106
107
108
109
110
111
112
113
115
116
117
117
117
117
116
114
113
111
109
107
104
102
102
102
102
103
103
103
103
104
104
104
105
105
105
106
106
107
109
110
112
114
115
117
119
120
122
123
124
124
124
124
123
122
121
119
117
116
114
112
110
108
106
105
103
103
104
105
106
108
110
112
114
116
118
119
120
121
121
121
122
122
123
124
124
125
126
126
126
126
126
125
125
123
122
119
117
114
112
109
106
103
100
97
95
93
91
90
