90
90
91
91
92
93
94
95
96
97
98
99
100
101
102
103
103
104
105
105
106
106
107
108
108
109
109
109
110
110
111
112
112
113
113
113
113
113
113
112
112
111
110
109
108
108
107
106
105
105
105
107
107
108
109
109
110
111
111
111
113
114
114
114
115
115
116
116
116
116
116
116
115
115
114
114
114
113
111
111
111
111
111
111
112
112
113
113
114
114
115
115
116
116
116
116
115
115
114
114
113
112
112
112
112
111
111
111
110
110
110
109
108
108
107
107
106
105
104
102
101
100
98
97
96
94
93
92
91
90
90
