90
90
90
90
90
91
91
91
92
92
93
93
94
95
95
96
97
97
97
98
99
101
103
105
107
110
112
115
117
119
120
121
122
122
122
121
120
118
116
114
112
109
109
111
112
114
116
118
120
122
124
126
127
129
130
130
131
130
129
128
127
125
123
121
118
116
114
112
110
108
107
106
110
113
117
121
125
128
132
135
138
141
142
144
142
140
138
135
132
129
126
122
119
116
114
112
110
109
108
109
110
111
113
115
118
121
124
127
130
133
136
138
140
142
141
139
138
136
134
132
130
127
125
123
121
120
119
118
112
104
96
91
