9.000000000000000000e+01
9.012706409914567018e+01
9.028807017968125592e+01
9.047814840727059504e+01
9.069242894757741169e+01
9.092604196626561475e+01
9.117411762899898520e+01
9.143178610144127560e+01
9.169417754925636643e+01
9.195642213810802446e+01
9.221365003366007329e+01
9.246099140157629392e+01
9.269357640752053840e+01
9.290653521715655927e+01
9.309499799614823701e+01
9.325409491015930996e+01
9.338946415784444355e+01
9.351069854891264299e+01
9.361886016560910662e+01
9.371501109017920328e+01
9.380021340486818815e+01
9.387552919192135903e+01
9.394202053358404214e+01
9.400074951210147844e+01
9.405277820971899416e+01
9.409916870868188710e+01
9.414098309123541242e+01
9.417928343962489635e+01
9.421513183609559405e+01
9.424959036289287440e+01
9.428372110226193570e+01
9.443160454996122155e+01
9.458197263555209133e+01
9.473321099065100270e+01
9.488370524687441332e+01
9.503184103583872400e+01
9.517600398916043503e+01
9.531457973845593301e+01
9.544595391534170403e+01
9.556851215143419154e+01
9.568064007834981055e+01
9.578072332770501873e+01
9.586714753111627374e+01
9.593829832020001902e+01
9.599256132657265539e+01
9.602832218185071156e+01
9.604396651765055992e+01
9.603787996558865814e+01
9.600844815728146386e+01
9.595405672434543476e+01
9.587309129839697164e+01
9.576131970606232358e+01
9.561711311197215934e+01
9.544276215474963010e+01
9.524055747301783015e+01
9.501278970540001012e+01
9.476174949051920748e+01
9.448972746699863023e+01
9.419901427346140110e+01
9.389190054853068546e+01
9.357067693082959181e+01
9.323763405898129975e+01
9.289506257160894620e+01
9.254525310733565391e+01
9.219049630478461665e+01
9.183308280257892875e+01
9.147530323934176977e+01
9.111944825369626244e+01
9.076780848426557213e+01
9.042267456967283579e+01
9.008633714854119034e+01
8.976108685949380117e+01
8.944921434115379100e+01
8.915301023214431098e+01
8.887476517108851226e+01
8.861676979660953180e+01
8.838131474733053494e+01
8.817069066187465864e+01
8.798718817886503984e+01
8.783309793692481549e+01
8.763290594766891672e+01
8.741021512929884807e+01
8.715737451189292528e+01
8.689011661508840234e+01
8.660956515855720284e+01
8.628935326388987903e+01
8.603387490246596769e+01
8.587763616832086200e+01
8.586411827463386714e+01
8.590099159564839226e+01
8.592959870233831055e+01
8.591070886766348735e+01
8.589507573407345831e+01
8.589120034641717893e+01
8.588589461823538329e+01
8.595475777935094186e+01
8.604396466495657592e+01
8.617156772364980100e+01
8.626235389237582751e+01
8.636184310210386172e+01
8.646323312150656193e+01
8.657747907695858203e+01
8.672312613837200956e+01
8.689555757904219035e+01
8.709015667226435653e+01
8.730230669133388233e+01
8.752739090954602830e+01
8.776079260019611183e+01
8.799789503657943612e+01
8.823408149199131856e+01
8.846473523972701969e+01
8.868523955308188533e+01
8.889097770535120446e+01
8.907733296983028026e+01
8.923968861981441592e+01
8.937342792859891460e+01
8.948280859486936833e+01
8.957614809106372888e+01
8.965491935110577515e+01
8.972059530891937129e+01
8.977464889842831042e+01
8.981855305355637142e+01
8.985378070822740426e+01
8.988180479636521625e+01
8.990409825189362891e+01
8.992213400873642115e+01
8.993738500081745713e+01
8.995132416206051573e+01
8.996542442638940429e+01
8.998115872772797275e+01
9.000000000000000000e+01
