9.000000000000000000e+01
9.018084654377645393e+01
9.041835632773320697e+01
9.070334532790401738e+01
9.102662952032258659e+01
9.137902488102265863e+01
9.175134738603797757e+01
9.213441301140223061e+01
9.251903773314917601e+01
9.289603752731251518e+01
9.325622836992602060e+01
9.359042623702337949e+01
9.388944710463832166e+01
9.414410694880460539e+01
9.434522174555591789e+01
9.448360747092603162e+01
9.455961005505740502e+01
9.458397261829904323e+01
9.456310692199430434e+01
9.450342472748660327e+01
9.441133779611938337e+01
9.429325788923604534e+01
9.415559676817996149e+01
9.400476619429456093e+01
9.384717792892325861e+01
9.368924373340944101e+01
9.353737536909653727e+01
9.339798459732796232e+01
9.327748317944708845e+01
9.318228287679734478e+01
9.311879545072214626e+01
9.279103733327802672e+01
9.241934045889605898e+01
9.200723463684883541e+01
9.155824967640897682e+01
9.107591538684907562e+01
9.056376157744172417e+01
9.002531805745958593e+01
8.946411463617519644e+01
8.888368112286117650e+01
8.828754732679017536e+01
8.767924305723474276e+01
8.706229812346749952e+01
8.644024233476108066e+01
8.581660550038807855e+01
8.519491742962108560e+01
8.457870793173267998e+01
8.397150681599553934e+01
8.337684389168219923e+01
8.279824896806530887e+01
8.223925185441747487e+01
8.170338236001127541e+01
8.119417029411933129e+01
8.071514546601423490e+01
8.026983768496860705e+01
7.986177676025504013e+01
7.949449250114615495e+01
7.917151471691455811e+01
7.889637321683282778e+01
7.917354879741907325e+01
7.950770946579828546e+01
7.990574257239639167e+01
8.036296386656188417e+01
8.087468909764332636e+01
8.143623401498919634e+01
8.204291436794801484e+01
8.269004590586831682e+01
8.337294437809862302e+01
8.408692553398743996e+01
8.482730512288327418e+01
8.558939889413468904e+01
8.636852259709014845e+01
8.715999198109820156e+01
8.795912279550734070e+01
8.876123078966608659e+01
8.956163171292300262e+01
9.035564131462656690e+01
9.113857534412530015e+01
9.190574955076773733e+01
9.265247968390235656e+01
9.337408149287773540e+01
9.406587072704235197e+01
9.472316313574474123e+01
9.534127446833339548e+01
9.591552047415686388e+01
9.644121690256363877e+01
9.691367950290224087e+01
9.732822402452121935e+01
9.768016621676905231e+01
9.826774868479915881e+01
9.874719041232540917e+01
9.913079044004618368e+01
9.941363616867171515e+01
9.957104409457600980e+01
9.969656052653979827e+01
9.976485614652246170e+01
9.982123508177815552e+01
9.980759964366527015e+01
9.972179374502950111e+01
9.956751678027548280e+01
9.940683342464078009e+01
9.914142669019771859e+01
9.880641131578802572e+01
9.841161187619677264e+01
9.796685294620898787e+01
9.748195910060974256e+01
9.696675491418409365e+01
9.643106496171709807e+01
9.588471381799378435e+01
9.533752605779923783e+01
9.479932625591847284e+01
9.427993898713658893e+01
9.378918882623862885e+01
9.333690034800960689e+01
9.293289812723460841e+01
9.258700673869870457e+01
9.228626542960004997e+01
9.201018843389731217e+01
9.175731280651619670e+01
9.152617560238250860e+01
9.131531387642189657e+01
9.112326468356016562e+01
9.094856507872302132e+01
9.078975211683622604e+01
9.064536285282549954e+01
9.051393434161656160e+01
9.039400363813521722e+01
9.028410779730712932e+01
9.018278387405807450e+01
9.008856892331378674e+01
9.000000000000000000e+01
