9.000000000000000000e+01
9.011156332737951402e+01
9.025527536393498451e+01
9.042622735642947873e+01
9.061951055162612079e+01
9.083021619628803478e+01
9.105343553717828797e+01
9.128425982105996184e+01
9.151778029469620890e+01
9.174908820485005378e+01
9.197327479828463481e+01
9.218543132176307608e+01
9.238064902204845907e+01
9.255401914590386525e+01
9.270063294009237609e+01
9.281558165137715832e+01
9.290165819476715114e+01
9.296646751325374680e+01
9.301231889557381294e+01
9.304152163046410351e+01
9.305638500666144353e+01
9.305921831290264379e+01
9.305233083792444404e+01
9.303803187046369771e+01
9.301863069925714456e+01
9.299643661304165221e+01
9.297375890055396042e+01
9.295290685053090840e+01
9.293618975170923591e+01
9.292591689282581058e+01
9.292439756261737216e+01
9.309963928895396634e+01
9.330403511384146498e+01
9.353531154426613625e+01
9.379119508721419152e+01
9.406941224967187054e+01
9.436768953862542730e+01
9.468375346106107315e+01
9.501533052396503365e+01
9.536014723432356277e+01
9.571593009912290029e+01
9.608040562534924334e+01
9.645130031998886011e+01
9.682634069002797617e+01
9.720325324245283127e+01
9.757976448424963678e+01
9.795360092240464667e+01
9.832248906390408649e+01
9.868415541573418182e+01
9.903632648488117241e+01
9.937672877833132645e+01
9.970308880307081267e+01
1.000131330660859135e+02
1.003045880743628544e+02
1.005751803348878468e+02
1.008226363546471305e+02
1.010446826406269736e+02
1.012390456998135875e+02
1.014034520391931693e+02
1.009903720049483837e+02
1.005409233899208914e+02
1.000208118064483784e+02
9.938070325466095767e+01
9.869026973331109787e+01
9.799363364926357178e+01
9.733546992219129379e+01
9.669088551843748292e+01
9.612032988833153979e+01
9.562499659746967495e+01
9.527769234456914660e+01
9.500816725216526493e+01
9.468828537674377799e+01
9.438395668442507258e+01
9.408889501004115630e+01
9.377901136736413434e+01
9.348831728566145216e+01
9.322091534676306424e+01
9.299237574998385014e+01
9.273288917227529282e+01
9.247992339590638267e+01
9.222941934695018062e+01
9.193836155932703491e+01
9.160112013549353094e+01
9.133543015712879765e+01
9.103110159419439640e+01
9.073181937140951447e+01
9.037771214802893383e+01
8.998477064460276154e+01
8.967548428549085315e+01
8.942064862224916055e+01
8.916389977653938104e+01
8.890034140081223768e+01
8.856511557849313476e+01
8.816469667120306042e+01
8.770555904056280383e+01
8.719417704819329629e+01
8.663702505571545487e+01
8.604057742475012560e+01
8.541130851691822556e+01
8.475569269384064341e+01
8.408020431713826781e+01
8.372892185739723914e+01
8.323397263512495670e+01
8.262225726741726817e+01
8.192067637136993596e+01
8.115613056407880777e+01
8.035552046263964598e+01
7.954574668414825567e+01
7.875370984570045607e+01
7.800631056439203803e+01
7.733044945731879238e+01
7.675302714157653838e+01
7.630094423426106687e+01
7.600110135246818288e+01
7.588039911329369147e+01
7.596573813383339768e+01
7.628733025356746111e+01
7.683601179544368165e+01
7.757962010175921819e+01
7.848599251481131489e+01
7.952296637689721592e+01
8.065837903031409439e+01
8.186006781735915183e+01
8.309587008032963240e+01
8.433362316152272342e+01
8.554116440323562642e+01
8.668633114776559978e+01
8.773696073740980239e+01
8.866089051446545000e+01
8.942595782122978676e+01
9.000000000000000000e+01
