9.000000000000000000e+01
9.010071233151177239e+01
9.024775896754981375e+01
9.043204006188835820e+01
9.064445576830158302e+01
9.087590624056372235e+01
9.111729163244899610e+01
9.135951209773156734e+01
9.159346779018568441e+01
9.181005886358553880e+01
9.200018547170535044e+01
9.215474776831931081e+01
9.226464590720163983e+01
9.232078004212655742e+01
9.231405032686824086e+01
9.223535691520092428e+01
9.207130915591959308e+01
9.182274212242157319e+01
9.150189455538455263e+01
9.112100519548627631e+01
9.069231278340443225e+01
9.022805605981676536e+01
8.974047376540096366e+01
8.924180464083474362e+01
8.874428742679582172e+01
8.826016086396192861e+01
8.780166369301075235e+01
8.738103465462000941e+01
8.701051248946741623e+01
8.670233593823068929e+01
8.646874374158755927e+01
8.596404393617416417e+01
8.553497369141781803e+01
8.511221509722759038e+01
8.469192168531134257e+01
8.428201395030235687e+01
8.387828398207264513e+01
8.356539559092084346e+01
8.330181884670936654e+01
8.305400372922603935e+01
8.279367054325599895e+01
8.249000407780556543e+01
8.217056550659715697e+01
8.180318549764442082e+01
8.142532036070980439e+01
8.100674024628762027e+01
8.055227490053437123e+01
8.007160517111563536e+01
7.963767937032939415e+01
7.922660365831589502e+01
7.882012714459662561e+01
7.840360673747025544e+01
7.792777159841399737e+01
7.742887503171989749e+01
7.688657823107345735e+01
7.637141047025271234e+01
7.587887934324318451e+01
7.554147348600137946e+01
7.518451525473614083e+01
7.484893344929059822e+01
7.462287544142948548e+01
7.450457926480272874e+01
7.446696731211049780e+01
7.452984870412598184e+01
7.462526276246762791e+01
7.469512356058366720e+01
7.478179049450628213e+01
7.482316854101257775e+01
7.477014617151662890e+01
7.466072786916332404e+01
7.454020855349747876e+01
7.447720480048224090e+01
7.438028512921586355e+01
7.426651723612138767e+01
7.412584949020445890e+01
7.390300968706397100e+01
7.370332075876302724e+01
7.354071240668892528e+01
7.349752412106239774e+01
7.353024121484111220e+01
7.368482645438494671e+01
7.390911536823317363e+01
7.407644540256792709e+01
7.418762974505212071e+01
7.430798936124595855e+01
7.446585238451665134e+01
7.456457094730087931e+01
7.460370864346998587e+01
7.455013420516331735e+01
7.443776421369820184e+01
7.426989425485021457e+01
7.415133130002594442e+01
7.412984805539629463e+01
7.419196683925021318e+01
7.430888168810869843e+01
7.449217908109967823e+01
7.477684108828694320e+01
7.512879283649778017e+01
7.552234414797673878e+01
7.602634412827788424e+01
7.654690328055394843e+01
7.684102486561040735e+01
7.720379009386594760e+01
7.762660253069583405e+01
7.810086574147514682e+01
7.861798329157910814e+01
7.916935874638291182e+01
7.974639567126169482e+01
8.034049763159062252e+01
8.094306819274490294e+01
8.154551092009968727e+01
8.213922937903016930e+01
8.271562713491150021e+01
8.326610775311885959e+01
8.378207479902742705e+01
8.425493183801238217e+01
8.470685063277898053e+01
8.516349265340221564e+01
8.562149602631184564e+01
8.607749887793762866e+01
8.652813933470933705e+01
8.697005552305672893e+01
8.739988556940957665e+01
8.781426760019762412e+01
8.820983974185065790e+01
8.858324012079840770e+01
8.893110686347070271e+01
8.925007809629721578e+01
8.953679194570776190e+01
8.978788653813209919e+01
9.000000000000000000e+01
