9.000000000000000000e+01
9.001884127227202725e+01
9.003457557361058150e+01
9.004867583793949848e+01
9.006261499918252866e+01
9.007786599126356464e+01
9.009590174810637109e+01
9.011819520363476954e+01
9.014621929177259574e+01
9.018144694644362858e+01
9.022535110157168958e+01
9.027940469108062871e+01
9.034508064889421064e+01
9.042385190893627112e+01
9.051719140513061745e+01
9.062657207140108540e+01
9.076031138018558408e+01
9.092266703016973395e+01
9.110902229464879554e+01
9.131476044691811467e+01
9.153526476027298031e+01
9.176591850800869565e+01
9.200210496342056388e+01
9.223920739980387395e+01
9.247260909045397170e+01
9.269769330866611767e+01
9.290984332773562926e+01
9.310444242095782386e+01
9.327687386162797623e+01
9.342252092304141797e+01
9.353676687849343807e+01
9.363815689789613828e+01
9.373764610762417249e+01
9.382843227635019900e+01
9.395603533504342408e+01
9.404524222064905814e+01
9.411410538176461671e+01
9.410879965358282107e+01
9.410492426592654169e+01
9.408929113233651265e+01
9.407040129766168945e+01
9.409900840435160774e+01
9.413588172536613286e+01
9.412236383167913800e+01
9.396612509753403231e+01
9.371064673611012097e+01
9.339043484144279716e+01
9.310988338491159766e+01
9.284262548810707472e+01
9.258978487070115193e+01
9.236709405233108328e+01
9.216690206307518451e+01
9.201281182113496016e+01
9.182930933812534136e+01
9.161868525266946506e+01
9.138323020339046820e+01
9.112523482891148774e+01
9.084698976785568902e+01
9.055078565884620900e+01
9.023891314050619883e+01
8.991366285145880966e+01
8.957732543032716421e+01
8.923219151573442787e+01
8.888055174630373756e+01
8.852469676065823023e+01
8.816691719742107125e+01
8.780950369521538335e+01
8.745474689266434609e+01
8.710493742839105380e+01
8.676236594101870025e+01
8.642932306917040819e+01
8.610809945146931454e+01
8.580098572653859890e+01
8.551027253300136977e+01
8.523825050948079252e+01
8.498721029459998988e+01
8.475944252698216985e+01
8.455723784525036990e+01
8.438288688802784066e+01
8.423868029393767642e+01
8.412690870160302836e+01
8.404594327565456524e+01
8.399155184271853614e+01
8.396212003441134186e+01
8.395603348234944008e+01
8.397167781814928844e+01
8.400743867342734461e+01
8.406170167979998098e+01
8.413285246888372626e+01
8.421927667229498127e+01
8.431935992165018945e+01
8.443148784856580846e+01
8.455404608465829597e+01
8.468542026154406699e+01
8.482399601083956497e+01
8.496815896416127600e+01
8.511629475312558668e+01
8.526678900934899730e+01
8.541802736444790867e+01
8.556839545003877845e+01
8.571627889773806430e+01
8.575040963710715403e+01
8.578486816390440595e+01
8.582071656037511787e+01
8.585901690876458758e+01
8.590083129131811290e+01
8.594722179028102005e+01
8.599925048789852156e+01
8.605797946641597207e+01
8.612447080807862676e+01
8.619978659513182606e+01
8.628498890982081093e+01
8.638113983439089338e+01
8.648930145108737122e+01
8.661053584215554224e+01
8.674590508984069004e+01
8.690500200385176299e+01
8.709346478284344073e+01
8.730642359247947581e+01
8.753900859842370608e+01
8.778634996633994092e+01
8.804357786189197554e+01
8.830582245074363357e+01
8.856821389855872440e+01
8.882588237100102901e+01
8.907395803373437104e+01
8.930757105242258831e+01
8.952185159272943338e+01
8.971192982031874408e+01
8.987293590085432982e+01
9.000000000000000000e+01
