9.000000000000000000e+01
9.057404217877021324e+01
9.133910948553455000e+01
9.226303926259021182e+01
9.331366885223438601e+01
9.445883559676435937e+01
9.566637683847727658e+01
9.690412991967038181e+01
9.813993218264084817e+01
9.934162096968591982e+01
1.004770336231027841e+02
1.015140074851886851e+02
1.024203798982407818e+02
1.031639882045563326e+02
1.037126697464325389e+02
1.040342618661666023e+02
1.041196008867062943e+02
1.039988986475318171e+02
1.036990557657389331e+02
1.032469728584234616e+02
1.026695505426812076e+02
1.019936894356079620e+02
1.012462901542995439e+02
1.004542533158517443e+02
9.964447953736036823e+01
9.884386943592119223e+01
9.807932362863004983e+01
9.737774273258273183e+01
9.676602736487502909e+01
9.627107814260277507e+01
9.591979568286173219e+01
9.524430730615935659e+01
9.458869148308177444e+01
9.395942257524987440e+01
9.336297494428454513e+01
9.280582295180670371e+01
9.229444095943719617e+01
9.183530332879693958e+01
9.143488442150686524e+01
9.109965859918776232e+01
9.083610022346061896e+01
9.057935137775083945e+01
9.032451571450914685e+01
9.001522935539723846e+01
8.962228785197106617e+01
8.926818062859048553e+01
8.896889840580560360e+01
8.866456984287120235e+01
8.839887986450646906e+01
8.806163844067296509e+01
8.777058065304981938e+01
8.752007660409361733e+01
8.726711082772470718e+01
8.700762425001614986e+01
8.677908465323693576e+01
8.651168271433854784e+01
8.622098863263586566e+01
8.591110498995884370e+01
8.561604331557492742e+01
8.531171462325622201e+01
8.499183274783473507e+01
8.472230765543085340e+01
8.437500340253032505e+01
8.387967011166846021e+01
8.330911448156251708e+01
8.266453007780870621e+01
8.200636635073642822e+01
8.130973026668890213e+01
8.061929674533904233e+01
7.997918819355162157e+01
7.945907661007910860e+01
7.900962799505161627e+01
7.859654796080683070e+01
7.876095430018641252e+01
7.895531735937302642e+01
7.917736364535286953e+01
7.942481966511215319e+01
7.969541192563714560e+01
7.998686693391408653e+01
8.029691119692918733e+01
8.062327122166867355e+01
8.096367351511882759e+01
8.131584458426581818e+01
8.167751093609591351e+01
8.204639907759535333e+01
8.242023551575036322e+01
8.279674675754716873e+01
8.317365930997202383e+01
8.354869968001113989e+01
8.391959437465075666e+01
8.428406990087709971e+01
8.463985276567643723e+01
8.498466947603496635e+01
8.531624653893892685e+01
8.563231046137457270e+01
8.593058775032812946e+01
8.620880491278580848e+01
8.646468845573386375e+01
8.669596488615853502e+01
8.690036071104603366e+01
8.707560243738262784e+01
8.707408310717418942e+01
8.706381024829076409e+01
8.704709314946910581e+01
8.702624109944602537e+01
8.700356338695834779e+01
8.698136930074284123e+01
8.696196812953631650e+01
8.694766916207557017e+01
8.694078168709737042e+01
8.694361499333852805e+01
8.695847836953588228e+01
8.698768110442618706e+01
8.703353248674625320e+01
8.709834180523286307e+01
8.718441834862284168e+01
8.729936705990760970e+01
8.744598085409613475e+01
8.761935097795155514e+01
8.781456867823690970e+01
8.802672520171535098e+01
8.825091179514994622e+01
8.848221970530380531e+01
8.871574017894003816e+01
8.894656446282172624e+01
8.916978380371195101e+01
8.938048944837386500e+01
8.957377264357052127e+01
8.974472463606501549e+01
8.988843667262048598e+01
9.000000000000000000e+01
