9.000000000000000000e+01
8.996917902451748716e+01
8.993218619665982771e+01
8.988964692688270475e+01
8.984218662564177293e+01
8.979043070339274379e+01
8.973500457059134305e+01
8.967653363769321118e+01
8.961564331515404547e+01
8.955295901342957166e+01
8.948910614297545862e+01
8.942471011424734684e+01
8.936039633770101887e+01
8.929679022379211517e+01
8.923451718297633306e+01
8.917420262570934142e+01
8.911258448858487213e+01
8.904661797150622249e+01
8.897725437989343789e+01
8.890544501916656372e+01
8.883214119474565962e+01
8.875829421205084202e+01
8.868485537650211370e+01
8.861277599351956269e+01
8.854300736852324860e+01
8.847650080693321684e+01
8.841420761416954122e+01
8.835707909565228135e+01
8.830606655680149686e+01
8.826212130303726155e+01
8.822619463977962084e+01
8.751806649768009549e+01
8.665515215959872819e+01
8.567059425239375514e+01
8.459753540292342677e+01
8.346911823804599351e+01
8.231848538461969156e+01
8.117877946950275714e+01
8.008314311955342646e+01
7.906471896162994994e+01
7.815664962259057802e+01
7.739207772929351847e+01
7.680414590859705015e+01
7.642599678735936664e+01
7.629077299243877519e+01
7.642040076283998928e+01
7.680674085516267269e+01
7.729476172163134606e+01
7.787006652738607215e+01
7.851825843756688528e+01
7.922494061731383397e+01
7.997571623176695255e+01
8.075618844606631797e+01
8.155196042535193612e+01
8.234863533476391240e+01
8.313181633944222426e+01
8.388710660452696288e+01
8.460010929515817679e+01
8.525642757647590031e+01
8.584166461362016776e+01
8.634142357173104187e+01
8.677424475481733168e+01
8.716982476272522717e+01
8.753050120435095494e+01
8.785861168859071313e+01
8.815649382434068571e+01
8.842648522049708504e+01
8.867092348595608087e+01
8.889214622961389978e+01
8.909249106036672572e+01
8.927429558711075686e+01
8.943989741874217714e+01
8.959163416415721315e+01
8.973184343225202042e+01
8.986286283192282554e+01
8.998702997206584087e+01
9.008051230983397772e+01
9.017349783285575882e+01
9.026569090324824174e+01
9.035679588312845567e+01
9.044651713461344400e+01
9.053455901982026433e+01
9.062062590086593161e+01
9.070442213986756030e+01
9.078565209894215116e+01
9.086402014020674756e+01
9.093923062577842131e+01
9.126321568992663913e+01
9.170341135667422350e+01
9.223940078029153256e+01
9.285076711504889602e+01
9.351709351521665781e+01
9.421796313506509080e+01
9.493295912886458154e+01
9.564166465088540292e+01
9.632366285539795570e+01
9.695853689667247011e+01
9.752586992897937535e+01
9.800524510658891586e+01
9.837624558377149242e+01
9.861845451479736369e+01
9.834302469308906325e+01
9.799214917390919766e+01
9.757688871314756796e+01
9.710830406669397519e+01
9.659745599043823461e+01
9.605540524027013305e+01
9.549321257207951419e+01
9.492193874175617907e+01
9.435264450518991453e+01
9.379639061827053581e+01
9.326423783688784397e+01
9.276724691693168268e+01
9.231647861429182456e+01
9.192299368485807065e+01
9.159785288452026464e+01
9.133055473747053554e+01
9.110095732568632343e+01
9.090566074173544564e+01
9.074126507818569110e+01
9.060437042760484871e+01
9.049157688256069321e+01
9.039948453562102770e+01
9.032469347935362691e+01
9.026380380632632239e+01
9.021341560910684620e+01
9.017012898026301571e+01
9.013054401236263402e+01
9.009126079797349007e+01
9.004887942966334435e+01
9.000000000000000000e+01
