9.000000000000000000e+01
9.006313751314296212e+01
9.014251421944108245e+01
9.023587924140788630e+01
9.034098170155694163e+01
9.045557072240177376e+01
9.057739542645592223e+01
9.070420493623292657e+01
9.083374837424634052e+01
9.096377486300967519e+01
9.109203352503649853e+01
9.121627348284036430e+01
9.133424385893478359e+01
9.144369377583329594e+01
9.154237235604948353e+01
9.162802872209682903e+01
9.170404019800902518e+01
9.177539158950897047e+01
9.184224324164392783e+01
9.190475549946125966e+01
9.196308870800828572e+01
9.201740321233232578e+01
9.206785935748072802e+01
9.211461748850079800e+01
9.215783795043989812e+01
9.219768108834530551e+01
9.223430724726438257e+01
9.226787677224442064e+01
9.229855000833279632e+01
9.232648730057678677e+01
9.235184899402376857e+01
9.243930168624711996e+01
9.252115468960133171e+01
9.259553084300017645e+01
9.266055298535748364e+01
9.271434395558704011e+01
9.275502659260263272e+01
9.259360330818759621e+01
9.246282068613118099e+01
9.196731989176269906e+01
9.147179010123424803e+01
9.096427991221848686e+01
9.042568142630852890e+01
8.989919129681821630e+01
8.937342792859891460e+01
8.889473130292414282e+01
8.850464152882638302e+01
8.816031433468532441e+01
8.778116233487854458e+01
8.744916997493987765e+01
8.707249628774269468e+01
8.669056934543945658e+01
8.642626035113531202e+01
8.629471286381505024e+01
8.632768695469880527e+01
8.592539907204465521e+01
8.537151490964134837e+01
8.469335409744415699e+01
8.391823626540831071e+01
8.307348104348905338e+01
8.218640806164164303e+01
8.128433694982133773e+01
8.039458733798335288e+01
7.954447885608298918e+01
7.876133113407546205e+01
7.807246380191598689e+01
7.750519648955987861e+01
7.708684882696236684e+01
7.684474044407865279e+01
7.680619097086403713e+01
7.699391443328482865e+01
7.739291270136813239e+01
7.797393717116032974e+01
7.870773923870783051e+01
7.956507030005703029e+01
8.051668175125431048e+01
8.153332498834606668e+01
8.258575140737870868e+01
8.364471240439863209e+01
8.468095937545220409e+01
8.566524371658587711e+01
8.656831682384597570e+01
8.736093009327895231e+01
8.801383492093117411e+01
8.849778270284906512e+01
8.864963135728912391e+01
8.890767943217591096e+01
8.920826302326781843e+01
8.953184598900195112e+01
8.955995924488715332e+01
8.959008076175737756e+01
8.962215632280745581e+01
8.965613171123226266e+01
8.969195271022667271e+01
8.972956510298551791e+01
8.976891467270365865e+01
8.980994720257595532e+01
8.985260847579729671e+01
8.989684427556250057e+01
8.994260038506644150e+01
8.998982258750396568e+01
9.002520383237134638e+01
9.007335399749534588e+01
9.013202240476857696e+01
9.019895837608366662e+01
9.027191123333322764e+01
9.034863029840990123e+01
9.042686489320630017e+01
9.050436433961506566e+01
9.057887795952878207e+01
9.064815507484009061e+01
9.070994500744164668e+01
9.076199707922603466e+01
9.080206061208586732e+01
9.082788492791377166e+01
9.083721934860243152e+01
9.082858453078760874e+01
9.080349600418900025e+01
9.076419540032516409e+01
9.071292435071454463e+01
9.065192448687567151e+01
9.058343744032700329e+01
9.050970484258705540e+01
9.043296832517430062e+01
9.035546951960725437e+01
9.027945005740437523e+01
9.020715157008417862e+01
9.014081568916513731e+01
9.008268404616578096e+01
9.003499827260455390e+01
9.000000000000000000e+01
