9.000000000000000000e+01
9.011156332737949981e+01
9.025527536393498451e+01
9.042622735642947873e+01
9.061951055162614921e+01
9.083021619628806320e+01
9.105343553717828797e+01
9.128425982105996184e+01
9.151778029469619469e+01
9.174908820485003957e+01
9.197327479828464902e+01
9.218543132176309030e+01
9.238064902204845907e+01
9.255401914590386525e+01
9.270063294009239030e+01
9.281558165137715832e+01
9.290165819476713693e+01
9.296646751325373259e+01
9.301231889557381294e+01
9.304152163046410351e+01
9.305638500666145774e+01
9.305921831290262958e+01
9.305233083792444404e+01
9.303803187046369771e+01
9.301863069925714456e+01
9.299643661304165221e+01
9.297375890055396042e+01
9.295290685053089419e+01
9.293618975170923591e+01
9.292591689282579637e+01
9.292439756261737216e+01
9.309963928895396634e+01
9.330403511384146498e+01
9.353531154426613625e+01
9.379119508721419152e+01
9.406941224967187054e+01
9.436768953862542730e+01
9.468375346106107315e+01
9.501533052396503365e+01
9.536014723432356277e+01
9.571593009912290029e+01
9.608040562534924334e+01
9.645130031998886011e+01
9.682634069002797617e+01
9.720325324245283127e+01
9.757976448424963678e+01
9.795360092240464667e+01
9.832248906390408649e+01
9.868415541573418182e+01
9.903632648488117241e+01
9.937672877833132645e+01
9.970308880307081267e+01
1.000131330660859135e+02
1.003045880743628544e+02
1.005751803348878468e+02
1.008226363546471305e+02
1.010446826406269736e+02
1.012390456998135875e+02
1.014034520391931693e+02
1.009903720049483837e+02
1.005409233899208914e+02
1.000208118064483784e+02
9.938070325466095767e+01
9.869026973331109787e+01
9.799363364926357178e+01
9.733546992219129379e+01
9.669088551843748292e+01
9.612032988833153979e+01
9.562499659746967495e+01
9.527769234456914660e+01
9.500816725216526493e+01
9.468828537674377799e+01
9.438395668442507258e+01
9.408889501004115630e+01
9.377901136736413434e+01
9.348831728566145216e+01
9.322091534676306424e+01
9.299237574998385014e+01
9.273288917227529282e+01
9.247992339590638267e+01
9.222941934695018062e+01
9.193836155932703491e+01
9.160112013549353094e+01
9.133543015712879765e+01
9.103110159419439640e+01
9.155715269157566638e+01
9.223926431419889127e+01
9.305308478438242048e+01
9.397426242444470290e+01
9.497844555670411637e+01
9.604128250347903872e+01
9.713842158708787622e+01
9.824551112984903511e+01
9.933819945408093588e+01
1.003921348821019421e+02
1.013829657362304459e+02
1.022863403387848535e+02
1.030779070120835854e+02
1.037333140784450052e+02
1.042282098601875333e+02
1.045716546645880953e+02
1.045615748824599649e+02
1.045887279376912886e+02
1.046427337466526950e+02
1.047132122257148836e+02
1.047897832912484972e+02
1.048620668596241927e+02
1.049196828472126555e+02
1.049522511703845424e+02
1.049493917455105247e+02
1.049007244889612593e+02
1.047958693171074032e+02
1.046244461463196274e+02
1.043760748929686173e+02
1.040403754734250157e+02
1.036069678040594795e+02
1.030387091379629538e+02
1.023209318943481918e+02
1.014769687387685906e+02
1.005301523367776184e+02
9.950381535392861565e+01
9.842129045577505053e+01
9.730591030787032025e+01
9.618100757576782200e+01
9.506991492502098140e+01
9.399596502118323826e+01
9.298249052980794715e+01
9.205282411644857632e+01
9.123029844665853716e+01
9.053824618599119844e+01
9.000000000000000000e+01
