9.000000000000000000e+01
8.989928766848824182e+01
8.975224103245018625e+01
8.956795993811164180e+01
8.935554423169840277e+01
8.912409375943626344e+01
8.888270836755101811e+01
8.864048790226843266e+01
8.840653220981431559e+01
8.818994113641446120e+01
8.799981452829466377e+01
8.784525223168068919e+01
8.773535409279836017e+01
8.767921995787344258e+01
8.768594967313175914e+01
8.776464308479907572e+01
8.792869084408040692e+01
8.817725787757842681e+01
8.849810544461544737e+01
8.887899480451372369e+01
8.930768721659555354e+01
8.977194394018323464e+01
9.025952623459903634e+01
9.075819535916525638e+01
9.125571257320416407e+01
9.173983913603808560e+01
9.219833630698926186e+01
9.261896534537999059e+01
9.298948751053258377e+01
9.329766406176929650e+01
9.353125625841244073e+01
9.403595606382583583e+01
9.446502630858218197e+01
9.488778490277240962e+01
9.530807831468865743e+01
9.571798604969764313e+01
9.612171601792735487e+01
9.643460440907915654e+01
9.669818115329063346e+01
9.694599627077396065e+01
9.720632945674400105e+01
9.750999592219443457e+01
9.782943449340284303e+01
9.819681450235557918e+01
9.857467963929019561e+01
9.899325975371237973e+01
9.944772509946562877e+01
9.992839482888436464e+01
1.003623206296706059e+02
1.007733963416841050e+02
1.011798728554033744e+02
1.015963932625297446e+02
1.020722284015860026e+02
1.025711249682801025e+02
1.031134217689265427e+02
1.036285895297472877e+02
1.041211206567568155e+02
1.044585265139986205e+02
1.048154847452638592e+02
1.051510665507094018e+02
1.053771245585705145e+02
1.054954207351972713e+02
1.055330326878895022e+02
1.054701512958740182e+02
1.053747372375323721e+02
1.053048764394163328e+02
1.052182095054937179e+02
1.051768314589874223e+02
1.052298538284833711e+02
1.053392721308366760e+02
1.054597914465025212e+02
1.055227951995177591e+02
1.056197148707841365e+02
1.057334827638786123e+02
1.058741505097955411e+02
1.060969903129360290e+02
1.062966792412369728e+02
1.064592875933110747e+02
1.065024758789376023e+02
1.064697587851588878e+02
1.063151735456150533e+02
1.060908846317668264e+02
1.059235545974320729e+02
1.058123702549478793e+02
1.056920106387540415e+02
1.055341476154833487e+02
1.054354290526991207e+02
1.053962913565300141e+02
1.054498657948366827e+02
1.055622357863017982e+02
1.057301057451497854e+02
1.058486686999740556e+02
1.058701519446037054e+02
1.058080331607497868e+02
1.056911183118913016e+02
1.055078209189003218e+02
1.052231589117130568e+02
1.048712071635022198e+02
1.044776558520232612e+02
1.039736558717221158e+02
1.034530967194460516e+02
1.031589751343896069e+02
1.027962099061340382e+02
1.023733974693041660e+02
1.018991342585248390e+02
1.013820167084208634e+02
1.008306412536170882e+02
1.002536043287383052e+02
9.965950236840936327e+01
9.905693180725509706e+01
9.845448907990029852e+01
9.786077062096984491e+01
9.728437286508848558e+01
9.673389224688112620e+01
9.621792520097257295e+01
9.574506816198761783e+01
9.529314936722101947e+01
9.483650734659779857e+01
9.437850397368816857e+01
9.392250112206237134e+01
9.347186066529066295e+01
9.302994447694327107e+01
9.260011443059040914e+01
9.218573239980236167e+01
9.179016025814934210e+01
9.141675987920159230e+01
9.106889313652931151e+01
9.074992190370278422e+01
9.046320805429222389e+01
9.021211346186788660e+01
9.000000000000000000e+01
