9.000000000000000000e+01
8.981915345622356028e+01
8.958164367226677882e+01
8.929665467209598262e+01
8.897337047967739920e+01
8.862097511897731295e+01
8.824865261396202243e+01
8.786558698859776939e+01
8.748096226685082399e+01
8.710396247268748482e+01
8.674377163007397940e+01
8.640957376297662051e+01
8.611055289536167834e+01
8.585589305119540882e+01
8.565477825444406790e+01
8.551639252907396838e+01
8.544038994494259498e+01
8.541602738170097098e+01
8.543689307800569566e+01
8.549657527251339673e+01
8.558866220388061663e+01
8.570674211076395466e+01
8.584440323182003851e+01
8.599523380570543907e+01
8.615282207107674139e+01
8.631075626659055899e+01
8.646262463090344852e+01
8.660201540267205189e+01
8.672251682055291155e+01
8.681771712320264101e+01
8.688120454927785374e+01
8.720896266672197328e+01
8.758065954110394102e+01
8.799276536315116459e+01
8.844175032359102318e+01
8.892408461315092438e+01
8.943623842255827583e+01
8.997468194254041407e+01
9.053588536382480356e+01
9.111631887713882350e+01
9.171245267320982464e+01
9.232075694276525724e+01
9.293770187653250048e+01
9.355975766523891934e+01
9.418339449961192145e+01
9.480508257037891440e+01
9.542129206826732002e+01
9.602849318400446066e+01
9.662315610831780077e+01
9.720175103193469113e+01
9.776074814558252513e+01
9.829661763998872459e+01
9.880582970588066871e+01
9.928485453398576510e+01
9.973016231503139295e+01
1.001382232397449599e+02
1.005055074988538450e+02
1.008284852830854419e+02
1.011036267831671722e+02
1.008264512025809267e+02
1.004922905342017145e+02
1.000942574276036083e+02
9.963703613343811583e+01
9.912531090235667364e+01
9.856376598501080366e+01
9.795708563205198516e+01
9.730995409413168318e+01
9.662705562190137698e+01
9.591307446601256004e+01
9.517269487711672582e+01
9.441060110586531096e+01
9.363147740290985155e+01
9.284000801890179844e+01
9.204087720449265930e+01
9.123876921033391341e+01
9.043836828707699738e+01
8.964435868537343310e+01
8.886142465587469985e+01
8.809425044923226267e+01
8.734752031609764344e+01
8.662591850712226460e+01
8.593412927295764803e+01
8.527683686425525877e+01
8.465872553166660452e+01
8.408447952584313612e+01
8.355878309743636123e+01
8.308632049709775913e+01
8.267177597547878065e+01
8.231983378323094769e+01
8.173225131520084119e+01
8.125280958767459083e+01
8.086920955995381632e+01
8.058636383132828485e+01
8.042895590542399020e+01
8.030343947346020173e+01
8.023514385347753830e+01
8.017876491822184448e+01
8.019240035633472985e+01
8.027820625497049889e+01
8.043248321972451720e+01
8.059316657535921991e+01
8.085857330980226720e+01
8.119358868421197428e+01
8.158838812380322736e+01
8.203314705379099792e+01
8.251804089939024323e+01
8.303324508581590635e+01
8.356893503828290193e+01
8.411528618200621565e+01
8.466247394220077638e+01
8.520067374408151295e+01
8.572006101286341107e+01
8.621081117376137115e+01
8.666309965199039311e+01
8.706710187276537738e+01
8.741299326130129543e+01
8.771373457039995003e+01
8.798981156610270205e+01
8.824268719348380330e+01
8.847382439761749140e+01
8.868468612357810343e+01
8.887673531643984859e+01
8.905143492127697868e+01
8.921024788316378817e+01
8.935463714717450046e+01
8.948606565838340998e+01
8.960599636186478278e+01
8.971589220269288489e+01
8.981721612594192550e+01
8.991143107668621326e+01
9.000000000000000000e+01
