9.000000000000000000e+01
9.012706409914565597e+01
9.028807017968125592e+01
9.047814840727058083e+01
9.069242894757742590e+01
9.092604196626562896e+01
9.117411762899898520e+01
9.143178610144128982e+01
9.169417754925636643e+01
9.195642213810802446e+01
9.221365003366007329e+01
9.246099140157629392e+01
9.269357640752052419e+01
9.290653521715655927e+01
9.309499799614823701e+01
9.325409491015930996e+01
9.338946415784444355e+01
9.351069854891262878e+01
9.361886016560912083e+01
9.371501109017918907e+01
9.380021340486817394e+01
9.387552919192137324e+01
9.394202053358404214e+01
9.400074951210147844e+01
9.405277820971899416e+01
9.409916870868188710e+01
9.414098309123539821e+01
9.417928343962489635e+01
9.421513183609560826e+01
9.424959036289286018e+01
9.428372110226193570e+01
9.443160454996122155e+01
9.458197263555209133e+01
9.473321099065100270e+01
9.488370524687441332e+01
9.503184103583872400e+01
9.517600398916043503e+01
9.531457973845593301e+01
9.544595391534170403e+01
9.556851215143419154e+01
9.568064007834981055e+01
9.578072332770501873e+01
9.586714753111627374e+01
9.593829832020001902e+01
9.599256132657265539e+01
9.602832218185071156e+01
9.604396651765055992e+01
9.603787996558865814e+01
9.600844815728146386e+01
9.595405672434543476e+01
9.587309129839697164e+01
9.576131970606232358e+01
9.561711311197215934e+01
9.544276215474963010e+01
9.524055747301783015e+01
9.501278970540001012e+01
9.476174949051920748e+01
9.448972746699863023e+01
9.419901427346140110e+01
9.389190054853068546e+01
9.357067693082959181e+01
9.323763405898129975e+01
9.289506257160894620e+01
9.254525310733565391e+01
9.219049630478461665e+01
9.183308280257892875e+01
9.147530323934176977e+01
9.111944825369626244e+01
9.076780848426557213e+01
9.042267456967283579e+01
9.008633714854119034e+01
8.976108685949380117e+01
8.944921434115379100e+01
8.915301023214431098e+01
8.887476517108851226e+01
8.861676979660953180e+01
8.838131474733053494e+01
8.817069066187465864e+01
8.821456836807193724e+01
8.823014342048286096e+01
8.822652701921380469e+01
8.821283036437108649e+01
8.819816465606105282e+01
8.819164109439002175e+01
8.820237087946432553e+01
8.823946521139029642e+01
8.831203529027426669e+01
8.842919231622258280e+01
8.860004748934156282e+01
8.883371200973753901e+01
8.913929707751685783e+01
8.952591389278583733e+01
9.000267365565080979e+01
9.060830897172537846e+01
9.136007318775492081e+01
9.223485861554331677e+01
9.320955756689451732e+01
9.426106235361244501e+01
9.536626528750107923e+01
9.650205868036427148e+01
9.764533484400601537e+01
9.877298609023021925e+01
9.986190473084083408e+01
1.008889830776417398e+02
1.018311134424369158e+02
1.026651881370302988e+02
1.033680994732257687e+02
1.039167397628273335e+02
1.042282098601875333e+02
1.041910568687200680e+02
1.038414271204049442e+02
1.032211248993678367e+02
1.023719544897344917e+02
1.013357201756305841e+02
1.001542262411818172e+02
9.886927697051389430e+01
9.752267664775251887e+01
9.615622955702338004e+01
9.481173998245220957e+01
9.353101220816468242e+01
9.235585051828651615e+01
9.132805919694344254e+01
9.048944252826109391e+01
8.988180479636521625e+01
8.990409825189361470e+01
8.992213400873643536e+01
8.993738500081745713e+01
8.995132416206050152e+01
8.996542442638940429e+01
8.998115872772798696e+01
9.000000000000000000e+01
