90
91
92
93
95
97
99
101
104
106
108
110
112
113
114
116
116
117
117
117
117
117
117
117
117
116
116
116
116
116
116
118
118
118
118
118
118
118
118
119
119
120
120
120
121
121
122
122
122
124
124
124
124
124
125
126
127
127
128
129
130
131
131
132
132
132
132
132
132
131
131
131
131
131
131
130
130
130
129
128
128
127
126
124
123
122
121
120
119
118
117
115
114
113
112
111
110
109
109
108
109
109
109
110
111
113
115
116
118
119
121
122
123
124
125
125
125
124
122
120
118
115
112
110
106
103
100
98
95
93
91
90
