9.000000000000000000e+01
8.969642989798565225e+01
8.931590612014001351e+01
8.886541082861964469e+01
8.835192618558097877e+01
8.778243435318056243e+01
8.716391749357485708e+01
8.650335776892038098e+01
8.580773734137359554e+01
8.508403837309103324e+01
8.433924302622915548e+01
8.358033346294446631e+01
8.281429184539348398e+01
8.204810033573266992e+01
8.128874109611854237e+01
8.054319628870759118e+01
7.981844807565629196e+01
7.912147861912114877e+01
7.845927008125866564e+01
7.783880462422533242e+01
7.726706441017765314e+01
7.675103160127210344e+01
7.629768835966517315e+01
7.591401684751340895e+01
7.560699922697321540e+01
7.538361766020116761e+01
7.525085430935371278e+01
7.521569133658736916e+01
7.528511090405862660e+01
7.546803951112309505e+01
7.576346125950777832e+01
7.616344471492627122e+01
7.666005844309219697e+01
7.724537100971907932e+01
7.791145098052058415e+01
7.865036692121023520e+01
7.945418739750166992e+01
8.031498097510845469e+01
8.122481621974419852e+01
8.217576169712246781e+01
8.315988597295685736e+01
8.416925761296097619e+01
8.519594518284841911e+01
8.623201724833276671e+01
8.726954237512759960e+01
8.830058912894649836e+01
8.931722607550308624e+01
9.031152178051092960e+01
9.127554480968363748e+01
9.220136372873479047e+01
9.308104710337795495e+01
9.390666349932678258e+01
9.467028148229479712e+01
9.536396961799565020e+01
9.597979647214287979e+01
9.650983061045010913e+01
9.694614059863090461e+01
9.787337699904392707e+01
9.872072681313930786e+01
9.947921220342678339e+01
1.001398553324160190e+02
1.006936783626167085e+02
1.011317034565385597e+02
1.014449527766912240e+02
1.016359773967557061e+02
1.017180342035594123e+02
1.016982040793316315e+02
1.015835679063016670e+02
1.013812065666988360e+02
1.010982009427524417e+02
1.007416319166917731e+02
1.003185803707461332e+02
9.983612718714485368e+01
9.930135324811722342e+01
9.872133943589254557e+01
9.847540341096910765e+01
9.818142913381890935e+01
9.784329011704107870e+01
9.746485987323471534e+01
9.705001191499896152e+01
9.660261975493295949e+01
9.612655690563580890e+01
9.562569687970660937e+01
9.510391318974454578e+01
9.456507934834864670e+01
9.401306886811811125e+01
9.345175526165208169e+01
9.288501204154960078e+01
9.231671272040982501e+01
9.175073081083189663e+01
9.119093982541490107e+01
9.064121327675802320e+01
9.010542467746032003e+01
8.958744754012094802e+01
8.909115537733900680e+01
8.862042170171366706e+01
8.817912002584398579e+01
8.777112386232911945e+01
8.740030672376819609e+01
8.707054212276034377e+01
8.678570357190464790e+01
8.654966458380029337e+01
8.636629867104632297e+01
8.623282474232229333e+01
8.614209160551682487e+01
8.609141762204252757e+01
8.607812115331219616e+01
8.609952056073848325e+01
8.615293420573409833e+01
8.623568044971177926e+01
8.634507765408423552e+01
8.647844418026411972e+01
8.663309838966418397e+01
8.680635864369712351e+01
8.699554330377564781e+01
8.719797073131245213e+01
8.741095928772027435e+01
8.763182733441178129e+01
8.785789323279971086e+01
8.808647534429674408e+01
8.831489203031560464e+01
8.854046165226900200e+01
8.876050257156961720e+01
8.897233314963018813e+01
8.917327174786342425e+01
8.936063672768199240e+01
8.953174645049864466e+01
8.968391927772607630e+01
8.981447357077695415e+01
8.992072769106404451e+01
9.000000000000000000e+01
