9.000000000000000000e+01
8.977992722811650594e+01
8.950261004791180142e+01
8.917329176438968830e+01
8.879721568255395425e+01
8.837962510740838695e+01
8.792576334395675985e+01
8.744087369720287484e+01
8.693019947215049115e+01
8.639898397380345330e+01
8.585247050716549211e+01
8.529590237724040946e+01
8.473452288903200724e+01
8.417357534754405890e+01
8.361830305778036632e+01
8.307394932474470295e+01
8.254575745344084226e+01
8.203897074887258611e+01
8.155883251604375062e+01
8.111058605995805237e+01
8.069947468561935011e+01
8.033074169803140308e+01
8.000963040219799893e+01
7.974138410312292535e+01
7.953124610580994158e+01
7.938445971526287792e+01
7.930626823648550783e+01
7.930191497448159055e+01
7.937664323425495638e+01
7.953794402862644120e+01
7.978572537468568271e+01
8.011385608383962165e+01
8.051620496749525557e+01
8.098664083705948258e+01
8.151903250393932865e+01
8.210724877954164924e+01
8.274515847527347034e+01
8.342663040254171847e+01
8.414553337275336276e+01
8.489573619731534393e+01
8.567110768763460271e+01
8.646551665511812246e+01
8.727283191117285810e+01
8.808692226720572194e+01
8.890165653462369733e+01
8.971090352483373920e+01
9.050853204924280249e+01
9.128841091925781370e+01
9.204440894628577041e+01
9.277039494173358491e+01
9.346023771700822635e+01
9.410780608351664966e+01
9.470696885266580978e+01
9.525159483586267584e+01
9.573555284451414593e+01
9.615271169002723184e+01
9.649694018380887428e+01
9.640377265665307505e+01
9.620127910106761249e+01
9.589702932256805923e+01
9.617341008250254220e+01
9.653914348580505589e+01
9.698453752221449520e+01
9.749990018146971238e+01
9.807553945330957390e+01
9.870176332747294623e+01
9.936887979369868162e+01
1.000671968417256892e+02
1.007870224612927927e+02
1.015186646421389014e+02
1.022524313740028532e+02
1.029786306466235288e+02
1.036875704497397948e+02
1.043695587730905174e+02
1.050149036064145776e+02
1.056139129394508132e+02
1.061568947619381333e+02
1.066341570636153619e+02
1.070360078342214081e+02
1.073527550634950956e+02
1.075747067411753335e+02
1.076921708570010026e+02
1.076954554007108982e+02
1.075748683620439436e+02
1.073207177307390054e+02
1.069140943036698843e+02
1.063510862018839020e+02
1.056444974013802494e+02
1.048071318781580743e+02
1.038517936082164823e+02
1.027912865675547209e+02
1.016384147321718672e+02
1.004059820780671402e+02
9.910679258123964530e+01
9.775365021768857332e+01
9.635935896341305806e+01
9.493672279441229023e+01
9.349854568668540367e+01
9.205763161623156066e+01
9.062678455904989505e+01
8.921880849113961176e+01
8.784650738849981622e+01
8.652268522712971333e+01
8.526014598302843694e+01
8.407169363219513514e+01
8.297013215062898439e+01
8.196826551432911856e+01
8.107889769929474255e+01
8.031483268152494759e+01
7.968887443701895279e+01
7.988247990284313005e+01
8.008851115070801541e+01
8.030748854173079110e+01
8.054752919472637984e+01
8.081490527125664869e+01
8.110736969655911821e+01
8.142267539587142267e+01
8.175857529443106841e+01
8.211282231747567550e+01
8.248316939024280714e+01
8.286736943797005495e+01
8.326317538589495371e+01
8.366834015925509505e+01
8.408061668328807059e+01
8.449775788323145775e+01
8.491751668432280553e+01
8.533764601179970555e+01
8.575589879089970680e+01
8.617002794686040090e+01
8.657778640491937949e+01
8.697692709031419156e+01
