9.000000000000000000e+01
9.036811475938824856e+01
9.081221690948646597e+01
9.132552118036944933e+01
9.190124230211186784e+01
9.253259500478846178e+01
9.321279401847397139e+01
9.393505407324310852e+01
9.469258989917059921e+01
9.547861622633114109e+01
9.628634778479950285e+01
9.710899930465038210e+01
9.793978551595853332e+01
9.877192114879863993e+01
9.959862093324544219e+01
1.004130995993736661e+02
1.012085718772580378e+02
1.019782524969732975e+02
1.027153561885941428e+02
1.034130976821952999e+02
1.040646917078515230e+02
1.046633529956374815e+02
1.052022962756279441e+02
1.056747362778976509e+02
1.060738877325212854e+02
1.063929653695735738e+02
1.066380739882814055e+02
1.068225940290203084e+02
1.069506536835879587e+02
1.070263811437820038e+02
1.070539046014001201e+02
1.070373522482400261e+02
1.069808522760993554e+02
1.068885328767758125e+02
1.067645222420670876e+02
1.066129485637708001e+02
1.064379400336846544e+02
1.062436248436063835e+02
1.060341311853335640e+02
1.058135872506639430e+02
1.055861212313951967e+02
1.053558613193249727e+02
1.051269357062509471e+02
1.049034725839708244e+02
1.046896001442822381e+02
1.044894465789829212e+02
1.043071400798705213e+02
1.041468088387426860e+02
1.040125810473971626e+02
1.039085848976315560e+02
1.038389485812435851e+02
1.036213530900953543e+02
1.032768631347624364e+02
1.028161692503196036e+02
1.022499619718415715e+02
1.015889318344031409e+02
1.008437693730790130e+02
1.000251651229439744e+02
9.914380961907275491e+01
9.821039339654011258e+01
9.723560699042080557e+01
9.623014093578956363e+01
9.520468576772113067e+01
9.416993202129030749e+01
9.313657023157179538e+01
9.211529093364036669e+01
9.111678466257076536e+01
9.015174195343773533e+01
8.923085334131604895e+01
8.836480936128043595e+01
8.756430054840565447e+01
8.684001743776646265e+01
8.620265056443760443e+01
8.566289046349380953e+01
8.523142767000986453e+01
8.540323705003291366e+01
8.576443660500054023e+01
8.620437589359134734e+01
8.671634551824749337e+01
8.729363608141105146e+01
8.792953818552410894e+01
8.861734243302878156e+01
8.935033942636717086e+01
9.012181976798137839e+01
9.092507406031350570e+01
9.175339290580564011e+01
9.260006690689989739e+01
9.345838666603836487e+01
9.432164278566317250e+01
9.518312586821637922e+01
9.603612651614011497e+01
9.687393533187648131e+01
9.768984291786756557e+01
9.847713987655548351e+01
9.922911681038230824e+01
9.993906432179018395e+01
1.006002730132211695e+02
1.012060334871173808e+02
1.017496363459209192e+02
1.022243721920739006e+02
1.026235316280183980e+02
1.029404052561965273e+02
1.031682836790504041e+02
1.033004574990221016e+02
1.033352806931082881e+02
1.032796343004269772e+02
1.031395995166023027e+02
1.029212575372584126e+02
1.026306895580194407e+02
1.022739767745095065e+02
1.018572003823527865e+02
1.013864415771734002e+02
1.008677815545954815e+02
1.003073015102431782e+02
9.971108263974062424e+01
9.908520613871196758e+01
9.843575320278132779e+01
9.776880502757286706e+01
9.709044280871073340e+01
9.640674774181901796e+01
9.572380102252189715e+01
9.504768384644350476e+01
9.438447740920796036e+01
9.374026290643942616e+01
9.312112153376205015e+01
9.253313448679993769e+01
9.198238296117725099e+01
9.147494815251813804e+01
9.101691125644671843e+01
9.061435346858712592e+01
9.027335598456349430e+01
