9.000000000000000000e+01
9.025760100875626790e+01
9.056356961634223524e+01
9.091375492871318897e+01
9.130400605182437346e+01
9.173017209163107566e+01
9.218810215408855413e+01
9.267364534515209584e+01
9.318265077077694514e+01
9.371096753691838899e+01
9.425444474953168594e+01
9.480893151457212298e+01
9.537027693799493022e+01
9.593433012575545149e+01
9.649694018380887428e+01
9.709251619233667441e+01
9.774956288218156431e+01
9.845507283529079245e+01
9.919603863361159313e+01
9.995945285909117217e+01
1.007323080936767923e+02
1.015015969193156593e+02
1.022543119179550217e+02
1.029774456715420854e+02
1.036579907620241272e+02
1.042829397713483246e+02
1.048392852814619403e+02
1.053140198743122085e+02
1.056941361318463350e+02
1.060721046043640143e+02
1.064454846132980350e+02
1.068117113018037969e+02
1.071682198130365720e+02
1.075124452901517174e+02
1.078418228763045192e+02
1.081537877146503064e+02
1.084457749483444218e+02
1.087152197205421800e+02
1.089595571743988813e+02
1.091762224530698830e+02
1.093712614627618365e+02
1.091242625373047730e+02
1.088269863467117062e+02
1.084838847762524523e+02
1.080994097111968557e+02
1.076780130368147184e+02
1.072241466383758990e+02
1.067422624011501995e+02
1.062368122104074928e+02
1.057122479514175382e+02
1.051730215094502512e+02
1.046235847697753911e+02
1.040683896176628309e+02
1.035118879383823725e+02
1.029585316172038461e+02
1.024127725393971104e+02
1.018790625902319817e+02
1.013618536549782760e+02
1.008655976189058379e+02
1.003947463672844833e+02
9.995375178538405692e+01
9.954706575847437477e+01
9.917914017182526720e+01
9.885442691070657872e+01
9.857737786038812544e+01
9.836236552833248936e+01
9.810032033404915808e+01
9.779558258640935264e+01
9.745249259428430832e+01
9.707539066654521775e+01
9.666861711206328778e+01
9.623651223970972524e+01
9.578341635835580803e+01
9.531366977687267195e+01
9.483161280413158067e+01
9.434158574900374106e+01
9.384792892036037415e+01
9.335498262707264416e+01
9.286708717801185742e+01
9.238858288204913549e+01
9.192381004805575628e+01
9.147710898490292664e+01
9.105282000146183918e+01
9.065528340660371498e+01
9.028883950919978929e+01
8.995782861812124054e+01
8.966659104223931820e+01
8.941946709042521491e+01
8.922079707155018014e+01
8.907492129448537810e+01
8.898020087403533296e+01
8.892996525058343593e+01
8.892100722136918023e+01
8.895011958363214433e+01
8.901409513461177880e+01
8.910972667154770477e+01
8.923380699167940122e+01
8.938312889224637559e+01
8.955448517048820634e+01
8.974466862364441511e+01
8.995047204895450932e+01
9.016868824365805324e+01
9.039611000499454008e+01
9.062953013020350568e+01
9.086574141652448589e+01
9.110153666119701654e+01
9.133370866146063349e+01
9.155905021455484416e+01
9.177435411771921281e+01
9.197641316819323265e+01
9.216202016321642532e+01
9.232796790002838350e+01
9.247104917586857198e+01
9.258805678797655503e+01
9.267578353359185428e+01
9.226713094755882594e+01
9.191674597496866284e+01
9.163064622291985017e+01
9.147687072683586962e+01
9.132946270930681010e+01
9.118826494553533735e+01
9.105312021072406026e+01
9.092387128007558772e+01
9.080036092879257126e+01
9.068243193207764818e+01
9.056992706513344160e+01
9.046268910316253198e+01
9.036056082136761347e+01
9.026338499495126655e+01
9.017100439911612852e+01
9.008326180906483671e+01
