9.000000000000000000e+01
9.030165342280176333e+01
9.067769427695419893e+01
9.112125162794229993e+01
9.162545454125118738e+01
9.218343208236593966e+01
9.278831331677160676e+01
9.343322730995328129e+01
9.411130312739602743e+01
9.481566983458490938e+01
9.553945649700504816e+01
9.627579218014145113e+01
9.701780594947923930e+01
9.775862687050344846e+01
9.849138400869918542e+01
9.920920642955150015e+01
9.990522319854549949e+01
1.005725633811662334e+02
1.012043560428987661e+02
1.017937302492281901e+02
1.023338150656395698e+02
1.028177395576179833e+02
1.032386327906484951e+02
1.035896238302161834e+02
1.038638417418061266e+02
1.040544155909034032e+02
1.041544744429930773e+02
1.041571473635602274e+02
1.040561307264753026e+02
1.038545472290317235e+02
1.035596654218488766e+02
1.031787538555462760e+02
1.027190810807433081e+02
1.021879156480594446e+02
1.015925261081141286e+02
1.009401810115268177e+02
1.002381489089169264e+02
9.949369835090394076e+01
9.871409788810726127e+01
9.790661607114635956e+01
9.707852145064069305e+01
9.623708257720969073e+01
9.538956800147279580e+01
9.454324627404945147e+01
9.370538594555914358e+01
9.288325556662124427e+01
9.208412368785523938e+01
9.131525885988061475e+01
9.058392963331675674e+01
8.989740455878310854e+01
8.926295218689915600e+01
8.868784106828434233e+01
8.817933975355806808e+01
8.774471679333981911e+01
8.739124073824902439e+01
8.693486235557394082e+01
8.656297308065454388e+01
8.643653494255254088e+01
8.629875799120827651e+01
8.615292553483406834e+01
8.600232088164224820e+01
8.585022733984516208e+01
8.569992821765509916e+01
8.555470682328441967e+01
8.541784646494542699e+01
8.529263045085042450e+01
8.518234208921180084e+01
8.509026468824181677e+01
8.501968155615283251e+01
8.497387600115715145e+01
8.495613133146710538e+01
8.496973085529505454e+01
8.501795788085327388e+01
8.510409571635409520e+01
8.523142767000986453e+01
8.540323705003291366e+01
8.576443660500054023e+01
8.613315369023510470e+01
8.658490753546703900e+01
8.711232540798988566e+01
8.770803457509717305e+01
8.836466230408245792e+01
8.907483586223928285e+01
8.983118251686119038e+01
9.062632953524172308e+01
9.145290418467440929e+01
9.230353373245282000e+01
9.317084544587046935e+01
9.404746659222089988e+01
9.492602443879769680e+01
9.579914625289437424e+01
9.665945930180444634e+01
9.749959085282151250e+01
9.831216817323907264e+01
9.908981853035069776e+01
9.982516919144988776e+01
1.005108474238302279e+02
1.011394804947852606e+02
1.017036956716085143e+02
1.021961202215935316e+02
1.026093814120338550e+02
1.029361065102230270e+02
1.031689227834545903e+02
1.033004574990221016e+02
1.033285929576703950e+02
1.032606113925915139e+02
1.031032399697498363e+02
1.028632058551096833e+02
1.025472362146353902e+02
1.021620582142913207e+02
1.017143990200418102e+02
1.012109857978511798e+02
1.006585457136838073e+02
1.000638059335040566e+02
9.943349362327623453e+01
9.877433594896467639e+01
9.809306007653376014e+01
9.739639317194782109e+01
9.669106240117119455e+01
9.598379493016824426e+01
9.528131792490327712e+01
9.459035855134068527e+01
9.391764397544476140e+01
9.326990136317991187e+01
9.265385788051042937e+01
9.207624069340067763e+01
9.154377696781503460e+01
9.106319386971777874e+01
9.064121856507330222e+01
9.028457821984591192e+01
9.000000000000000000e+01
