9.000000000000000000e+01
8.991828502967884162e+01
8.982959795086644306e+01
8.973408639094871830e+01
8.963189797731170927e+01
8.952318033734135838e+01
8.940808109842363649e+01
8.928674788794452866e+01
8.915932833329000573e+01
8.902597006184603856e+01
8.888682070099859800e+01
8.874202787813364068e+01
8.859173922063719431e+01
8.843610235589517288e+01
8.827526491129356145e+01
8.810937451421837352e+01
8.793857879205552308e+01
8.776302537219102362e+01
8.758286188201084599e+01
8.739823594890094682e+01
8.720929520024729698e+01
8.701618726343588150e+01
8.681905976585269968e+01
8.661806033488366552e+01
8.641333659791477828e+01
8.620503618233203724e+01
8.599330671552138483e+01
8.577829582486880611e+01
8.555237674038804130e+01
8.530891434607720214e+01
8.504954375029883806e+01
8.477590006141548429e+01
8.448961838778970446e+01
8.419233383778403379e+01
8.388568151976102172e+01
8.357129654208318925e+01
8.325081401311311424e+01
8.292586904121331770e+01
8.259809673474636327e+01
8.226913220207477195e+01
8.194061055156109319e+01
8.161416689156789062e+01
8.129143633045769946e+01
8.097405397659305493e+01
8.066365493833650646e+01
8.036187432405058928e+01
8.007034724209788124e+01
7.979070880084088913e+01
7.952459410864217659e+01
7.927363827386427886e+01
7.903947640486973114e+01
7.882374361002111129e+01
7.862807499768095454e+01
7.845410567621176767e+01
7.830347075397614276e+01
7.808922766388765524e+01
7.787743401074621374e+01
7.766839186330581413e+01
7.746240329032035277e+01
7.725977036054388236e+01
7.706079514273038455e+01
7.686577970563381257e+01
7.667502611800817647e+01
7.648883644860744369e+01
7.630751276618561008e+01
7.613135713949664307e+01
7.596067163729453853e+01
7.579575832833324966e+01
7.563691928136681497e+01
7.548445656514915925e+01
7.533867224843430677e+01
7.519986839997619654e+01
7.506834708852886706e+01
7.494441038284627155e+01
7.482836035168237743e+01
7.472049906379118056e+01
7.462112858792667680e+01
7.453055099284283358e+01
7.459343957196951180e+01
7.466745307872781723e+01
7.475032707832254175e+01
7.503062961776032580e+01
7.536127565267355521e+01
7.573832239918712617e+01
7.615782707342594904e+01
7.661584689151490579e+01
7.710843906957893523e+01
7.763166082374297616e+01
7.818156937013183949e+01
7.875422192487052087e+01
7.934567570408387382e+01
7.995198792389686560e+01
8.056921580043433551e+01
8.119341654982123657e+01
8.182064738818246497e+01
8.244696553164291686e+01
8.306842819632751684e+01
8.368109259836116109e+01
8.428101595386877420e+01
8.486425547897525234e+01
8.542686838980549169e+01
8.596491190248443104e+01
8.647444323313693815e+01
8.695151959788793761e+01
8.739219821286235401e+01
8.779253629418505511e+01
8.814859105798102235e+01
8.845641972037508083e+01
8.872346568623304108e+01
8.896087987828757093e+01
8.917028078946397329e+01
8.935328691268752266e+01
8.951151674088349353e+01
8.964658876697718881e+01
8.976012148389389722e+01
8.985373338455889325e+01
8.992904296189746560e+01
8.998766870883490299e+01
9.003122911829649411e+01
9.006134268320751346e+01
9.007962789649327817e+01
9.008770325107903432e+01
9.008718723989008481e+01
9.007969835585173257e+01
9.006685509188923788e+01
9.005027594092790366e+01
9.003157939589299019e+01
9.001238394970982881e+01
8.999430809530366560e+01
8.997897032559978925e+01
8.996798913352353111e+01
