9.000000000000000000e+01
8.974098210432087797e+01
8.941369565049303958e+01
8.902461192568426895e+01
8.858020221706246389e+01
8.808693781179540849e+01
8.755128999705092951e+01
8.697973005999688212e+01
8.637872928780107884e+01
8.575475896763137484e+01
8.511429038665558267e+01
8.446379483204154326e+01
8.380974359095706916e+01
8.315860795057001553e+01
8.251685919804818070e+01
8.189096862055943404e+01
8.128740750527157388e+01
8.071264713935246959e+01
8.017315880996990529e+01
7.967541380429175035e+01
7.922588340948580310e+01
7.883103891271990449e+01
7.849735160116192390e+01
7.823129276197964543e+01
7.803933368234089585e+01
7.792794564941354452e+01
7.790359995036540397e+01
7.797276787236430096e+01
7.814397503008503065e+01
7.841647074404593809e+01
7.878281186017994742e+01
7.923555522442018173e+01
7.976725768269966466e+01
8.037047608095137718e+01
8.103776726510838557e+01
8.176168808110374187e+01
8.253479537487044126e+01
8.334964599234153582e+01
8.419879677945004914e+01
8.507480458212906171e+01
8.597022624631152610e+01
8.687761861793052276e+01
8.778953854291908954e+01
8.869854286721025005e+01
8.959718843673701372e+01
9.047803209743246100e+01
9.133363069522958710e+01
9.215654107606144407e+01
9.293932008586104132e+01
9.367452457056144510e+01
9.435471137609566483e+01
9.497243734839675255e+01
9.552025933339771768e+01
9.599073417703161226e+01
9.637641872523145992e+01
9.715284602396687319e+01
9.785940413011287831e+01
9.848802793471071482e+01
9.903065232880160806e+01
9.947921220342678339e+01
1.001398553324160190e+02
1.006936783626167085e+02
1.011317034565385597e+02
1.014449527766912240e+02
1.016359773967557061e+02
1.017180342035594123e+02
1.016982040793316315e+02
1.015835679063016670e+02
1.013812065666988360e+02
1.010982009427524417e+02
1.007416319166917731e+02
1.003185803707461332e+02
9.983612718714485368e+01
9.930135324811722342e+01
9.872133943589254557e+01
9.847540341096910765e+01
9.818142913381890935e+01
9.793369202806702845e+01
9.763583260683746801e+01
9.729206735908634585e+01
9.690661277376968030e+01
9.648368533984353235e+01
9.602750154626394874e+01
9.554227788198700466e+01
9.503223083596873266e+01
9.450157689716517950e+01
9.395453255453242036e+01
9.339531429702650200e+01
9.282813861360348540e+01
9.225722199321938888e+01
9.168678092483034447e+01
9.112103189739232789e+01
9.056419139986142852e+01
9.002047592119367891e+01
8.949410195034515425e+01
8.898928597627191550e+01
8.851024448793000943e+01
8.806119397427546858e+01
8.764635092426435392e+01
8.726993182685275485e+01
8.693615317099670392e+01
8.664923144565223367e+01
8.641338313977540508e+01
8.623282474232229333e+01
8.610496367031984732e+01
8.602241667484497611e+01
8.598221424592864537e+01
8.598138687360179233e+01
8.601696504789541109e+01
8.608597925884045310e+01
8.618545999646788403e+01
8.631243775080864111e+01
8.646394301189371845e+01
8.663700626975405328e+01
8.682865801442065390e+01
8.703592873592444334e+01
8.725584892429638728e+01
8.748544906956746559e+01
8.772175966176862971e+01
8.796181119093085954e+01
8.820263414708507810e+01
8.844125902026229369e+01
8.867471630049342934e+01
8.890003647780947915e+01
8.911425004224139457e+01
8.931438748382014126e+01
8.949747929257667067e+01
8.966055595854197691e+01
8.980064797174698299e+01
8.991478582222265459e+01
9.000000000000000000e+01
