9.000000000000000000e+01
9.042156664277140976e+01
9.093284422182358639e+01
9.152608301766581178e+01
9.219353331080749570e+01
9.292744538175799107e+01
9.372006951102667927e+01
9.456365597912287058e+01
9.545045506655597478e+01
9.637271705383533060e+01
9.732269222147031940e+01
9.829263084997026567e+01
9.927478321984456500e+01
1.002613996116025703e+02
1.012447303057536203e+02
1.022170255828071106e+02
1.031705357232723941e+02
1.040975110076587953e+02
1.049902017164757240e+02
1.058408581302325473e+02
1.066417305294385613e+02
1.073850691946031759e+02
1.080631244062357723e+02
1.086681464448456751e+02
1.091923855909422230e+02
1.096280921250348257e+02
1.099675163276328362e+02
1.102029084792456075e+02
1.103355501318225009e+02
1.103760637917706902e+02
1.103307111712862678e+02
1.102057539825652555e+02
1.100074539378037741e+02
1.097420727491979022e+02
1.094158721289436613e+02
1.090351137892371440e+02
1.086060594422744288e+02
1.081349708002515797e+02
1.076281095753646611e+02
1.070917374798097939e+02
1.065321162257829712e+02
1.059555075254803427e+02
1.053681730910979155e+02
1.047763746348317824e+02
1.041863738688780359e+02
1.036044325054327118e+02
1.030368122566918885e+02
1.024897748348516870e+02
1.019695819521081148e+02
1.014824953206572786e+02
1.010347766526952284e+02
1.006326876604180569e+02
1.002824900560218282e+02
9.999044555170259230e+01
9.976281585965645604e+01
9.944519169806991954e+01
9.919555991066597755e+01
9.897633620090009288e+01
9.876131798851793064e+01
9.855076037593840965e+01
9.834491846558046291e+01
9.814404735986305184e+01
9.794840216120506682e+01
9.775823797202545506e+01
9.757380989474314958e+01
9.739537303177706917e+01
9.722318248554620368e+01
9.705749335846941506e+01
9.689856075296567894e+01
9.674663977145389993e+01
9.660198551635302522e+01
9.640056629004924105e+01
9.615761778124932846e+01
9.587666931560630701e+01
9.556125021877319625e+01
9.521488981640300153e+01
9.484111743414875662e+01
9.467641276191015720e+01
9.447774934730286134e+01
9.424801311343132681e+01
9.399008998340019616e+01
9.370686588031398401e+01
9.340122672727723341e+01
9.307605844739453005e+01
9.273424696377041698e+01
9.237867819950945147e+01
9.201223807771619079e+01
9.163781252149517798e+01
9.125828745395098451e+01
9.087654879818815346e+01
9.049548247731125628e+01
9.011797441442483603e+01
8.974691053263343576e+01
8.938517675504164117e+01
8.903565900475398109e+01
8.870124320487502700e+01
8.838481527850932196e+01
8.808926114876143743e+01
8.781746673873590225e+01
8.757231797153730213e+01
8.735670077027018010e+01
8.717350105803909344e+01
8.702560475794858519e+01
8.691589779310321262e+01
8.684310670703467849e+01
8.680260205429492260e+01
8.679223577451895721e+01
8.680985980734175200e+01
8.685332609239830504e+01
8.692048656932360018e+01
8.700919317775263551e+01
8.711729785732039488e+01
8.724265254766184796e+01
8.738310918841200703e+01
8.753651971920588437e+01
8.770073607967840701e+01
8.787361020946460144e+01
8.805299404819943732e+01
8.823673953551794114e+01
8.842269861105508255e+01
8.860872321444584543e+01
8.879266528532519942e+01
8.897237676332814260e+01
8.914570958808970147e+01
8.931051569924481726e+01
8.946464703642848804e+01
8.960595553927574031e+01
8.973229314742152951e+01
8.984151180050083951e+01
8.993146343814865418e+01
9.000000000000000000e+01
